0 1 4 B 0 6 0 0 A 0 E 0 9 0 7 0
0 0 C 0 0 7 0 5 0 0 2 0 0 0 8 E
0 0 0 F G 0 0 0 0 8 0 4 0 1 C 0
0 8 0 G 0 0 3 C 0 0 F 0 B 2 0 0
0 G 5 1 0 8 F 9 C 0 0 3 0 0 0 0
0 0 0 0 0 0 0 0 G F 0 8 0 C 3 0
A F 0 0 3 0 0 0 0 6 7 0 5 9 0 0
0 0 0 8 2 G 0 7 0 9 0 5 A 0 0 0
0 0 0 5 1 0 C 0 4 0 3 6 8 0 0 0
0 0 8 2 0 B A 0 0 0 0 F 0 0 6 G
0 C F 0 E 0 6 8 0 0 0 0 0 0 0 0
0 0 0 0 9 0 0 G E C 8 0 4 D 5 0
0 0 9 C 0 F 0 0 3 5 0 0 2 0 1 0
0 5 1 0 6 0 7 0 0 0 0 2 3 0 0 0
3 2 0 0 0 E 0 0 8 0 B 0 0 4 0 0
0 4 0 D 0 2 0 3 0 0 C 0 G 5 A 0